
LEAD_TIME: 0.02
SHOOTER_DROP: 0.05

Projector:
  A: 61.451162925622455
  M: -7.829135596456268
  P: -0.10654524080245859