RATE: 30
LEAD_TIME: 0.02
SHOOTER_DROP: 0.5
MATCH_THRESHOLD: 50

A: 0.038206731813343
M: 1239.746119592191

MAP_SIZE: [500, 500, 3]