RATE: 30

LEAD_TIME: 0.1
SHOOTER_OFFSET: [0.5, 0.5]

MATCH_THRESHOLD: 0.3

A: 0.038206731813343
M: 1239.746119592191

MAP_SIZE: [500, 500, 3]