RATE: 30

LEAD_TIME: 0.1
SHOOTER_OFFSET: [0.5, 0.5]

MATCH_THRESHOLD: 0.3

A: 3.7983470571729554
M: 41866.314027763925
H: 60

MAP_SIZE: [500, 500, 3]