RATE: 30
LEAD_TIME: 0.02
SHOOTER_DROP: 0.05
MATCH_THRESHOLD: 50

A: 61.451162925622455
M: -7.829135596456268
P: -0.10654524080245859

IMAGE_SIZE: [500, 500, 3]