RATE: 30
<<<<<<< HEAD
LEAD_TIME: 0.0
SHOOTER_DROP: 0.5
=======
LEAD_TIME: 0.1
SHOOTER_OFFSET: [0.5, 0.5]
>>>>>>> 4348e455ad02f2143b523a184a1d99fd40c624c0
MATCH_THRESHOLD: 0.3

A: 0.038206731813343
M: 1239.746119592191

MAP_SIZE: [500, 500, 3]