RATE: 30
LEAD_TIME: 0.02
SHOOTER_DROP: 1.0
MATCH_THRESHOLD: 50

A: 0.03820673739861968
M: 1239.7461166702851

MAP_SIZE: [500, 500, 3]